cg0MS1  cg1MS1  cg0MS1  cg1MS1
       0       00.0237540.246552
       0       00.0237540.246552
       0       00.0237540.246552
       0       00.0237540.246552
       0       00.0237540.246552
       0       00.0237540.246552
       0       00.0237540.246552
       0       00.0237540.246552
       0       00.0237540.246552
       0       00.0237540.246552
       0       00.0237540.246552
       0       00.0237540.246552
       0       00.033598  1.3378
       0       0 0.03651 1.46876
       0       20.0329640.969453
       0       00.0399440.287712
       0       00.0380350.071555
       0       00.0344520.678221
       0       00.027626 1.11995
       0       00.039092 1.22541
       0       00.0293710.728218
       0       00.0410490.190224
       0       00.0323410.337225
       0       00.0365510.871134
       0       0 0.046180.102289
       0       00.0310830.668693
       0       00.0301620.028501
       0       00.0401040.301869
       0       00.0327120.032712
       0       0  0.03050.030877
       0       00.0439190.043919
       0       0 0.04119 0.04119
       0       00.0266530.031582
       0       20.039517 37.9578
       0       00.0327680.032768
       0       00.032553 0.21395
       0       20.0560910.127304
       0       00.030155 8.34383
       0       00.0282580.067348
       0       00.0472320.178673
       0       00.0263740.068005
       2       20.0307890.030789
       0       00.036047 3.75542
       0       00.0357280.030614
       0       00.8371450.836221
       0       00.044889 0.04585
       0       00.0263210.027427
       0       40.0305060.029931
       0       0  1.0454  1.0454
       0       00.0375380.032346
       0       00.0297520.303582
       0       00.0665010.347123
       0       00.029725 1.29144
       0       00.035278 1.07877
       0       20.0440280.858826
       0       00.029264 2.23623
       4       70.0268740.026874
       0       00.0651340.061346
       0       00.0216430.024932
       0       00.0326340.032634
       0       00.033134 1.47703
       0       00.0304390.030439
       0       00.029964 3.55006
       0       20.068913 11.1902
       0       00.037308 1.15188
       0       00.026464 2.04787
       0       00.035136  9.1721
       0       00.029912 1.10362
       0       0 0.02864 1.24047
       0       00.048544 2.71005
       0       00.024402  4.0711
       0       00.0297910.029791
       0       0       00.078782
       0       00.025381 1.50696
       0       00.0279010.198301
       0       00.0051010.005729
       0       00.0465520.235716
       0       0 0.02687 1.50696
       0       0       00.078782
       0       00.027126 1.50696
       0       00.0465520.237052
       0       00.0051010.005064
       0       00.0279010.286624
       0       00.025381 13.5871
       0       00.034074  6.1682
       0       00.028532  1.2922
       0       00.034199 3.99984
       0       00.0365240.034734
       0       00.0357280.351816
       0       00.026733 1.84336
       0       00.030039  1.0232
       0       00.028462 1.95936
       0       00.028679 15.1326
       0       00.054806 3.39575
       0       0 0.02654 3.35184
       0       00.0299760.124928
       0       0 0.031260.072296
       0       00.0276540.027654
       0       00.0334460.033446
       0       00.0328080.032808
       0       00.0305510.032921
       0       00.0286110.029984
       0       00.036137 14.5227
       0       0 0.03154 2.43797
       0       00.0264870.403989
       0       00.030643 0.25588
       0       0 0.02489 0.02435
       0       0  0.03050.032826
       0       20.1715570.171557
       0       00.0308310.026367
       0       00.0268270.027454
       0       00.0422110.044739
       0       00.027907 0.02756
       0       00.0263220.167059
       0       00.035943 12.8542
       2       20.035132  0.6591
       0       00.027725 0.02718
       0       00.0264120.038398
       0       00.0212890.021289
       0       00.0294990.029499
       0       00.0274450.028774
       2       2 0.85573 0.85325
       0       00.0312950.031295
       0       10.0335890.033912
       0       00.0341050.035181
       0       00.0297480.236862
       0       00.035583 12.5994
       0       00.032442 1.73054
       0       00.028881 3.44043
       0       00.0339820.220591
       0       00.4327630.433561
       0       00.029668 1.33703
       0       00.029302 1.33735
       0       00.0361680.892273
       0       00.0357540.287692
       0       00.0294080.700099
       0       00.0310460.875313
       0       00.033212 2.30741
       0       00.031138  2.3078
       0       00.030846 1.57497
       0       00.038639 1.45357
       0       20.031162 2.08363
       0       10.029033 1.56135
